background(0, 0 ,0);


fill("red");
rect(10, 10, 160, 20);
rect(180, 260, 150, 30);
rect(135, 235, 195, 20);
rect(136, 105, 10, 10);
rect(200, 210, 130, 20);

fill("white");
rect(175, 10, 20, 20);
rect(110, 105, 10, 10);
rect(123, 105, 10, 10);
rect(149, 105, 20, 10);
rect(173, 105, 50, 10);
rect(150, 120, 180, 8);
rect(173, 132, 157, 8);
rect(10, 150, 185, 50);
rect(120, 235, 10, 20);

fill("blue");
rect(110, 38, 220, 20);
rect(60, 210, 70, 20);
rect(135, 210, 40, 20);
rect(180, 210, 15, 20);

fill(255, 182, 0);
rect(10, 65, 160, 30);
rect(80, 235, 15, 20);
rect(135, 300, 20, 30);
rect(160, 300, 170, 30);

noStroke(); 
fill('rgba(0,0,255, 0.25)');
ellipse(8, 20, 300, 300);


noStroke(); 
fill('rgba(0,0,255, 0.25)');
ellipse(340, 340, 300, 300);
